4,3,30,
WalkingSlow,VehicularInHand,DrivingOther,SemiStationary,
1.19862490339,2.36101921263,-1.4403225588,
2.65345814995,2.15052630736,-2.4928199319,
3.91150881288,2.46633842865,-1.39773292321,
2.69334174464,0.738288979295,-1.61687212636,
4.49457795496,2.70203354077,1.06573486111,2.70203354077,3.09355607005,0.451640558174,1.06573486111,0.451640558174,2.11846697676,
1.07626599173,0.151154644036,-0.0239108393116,0.151154644036,1.04586873343,0.231155000971,-0.0239108393116,0.231155000971,0.803889087823,
0.759697659542,-0.478590141887,-0.0078433062025,-0.478590141887,1.20962274103,-0.372498931363,-0.0078433062025,-0.372498931363,1.66030219343,
1.45989997825,0.259906290579,0.0902028674154,0.259906290579,1.00112224563,0.0429484369018,0.0902028674154,0.0429484369018,0.692263733328,
0.221404916115,0.0577317584379,0.064662517517,0.0620869689561,
-20.7401003624,1.83377087761,0.0382957151307,0.131283880462,0.00226516655711,0.143913856597,0.000727282024823,0.00748464337966,0.0150402664955,0.0627844567312,-0.0137008846263,-0.0564387936901,-0.0652450996918,0.212674284769,-0.00361449226011,0.118537635515,-0.00507968351475,0.0564175474908,0.22329474227,-0.0236076882506,-0.022105900835,-0.18807860839,0.316688055768,-0.0411627861286,0.398552916833,-0.104523650176,-0.533212840704,-0.971866766301,-0.347640550571,0.018711568054,68.6743806907,-3.4114578363,0.00904475287648,0.0156031042798,-0.035454263002,-0.120472590309,-0.0101933308787,-0.204385343652,-0.11953194675,-0.223606127971,-0.112855207447,-0.0577597732139,-0.163058086647,-0.821002839302,0.0832510893097,-0.114950950751,-0.104532752368,-0.272953281455,-0.0124515135342,-0.192569683109,-0.0209798861962,-0.00288635833617,-0.128882401453,0.771898993763,-0.310362618398,0.464723807896,0.367753514494,-0.2457498848,-0.0623563101612,0.540036444126,-11.3554606627,1.06375077576,-0.00637596096361,-0.135317440269,-0.0462727205379,-0.0688142079942,0.0920043701263,0.163440631293,0.0654308565025,-0.00301285111757,0.186080590319,0.233767979409,-0.0512528099324,0.122451473821,-0.246869355549,0.00562783922393,-0.0766252030456,-0.177477267087,0.256825625173,0.201621144624,0.0658316358518,0.238880897068,0.187467950846,0.0691562331816,-1.09573262901,0.310883916159,-1.5217168128,0.483058313214,-0.303248603607,0.55572180931,
