4,3,30,
Running,Walking,DrivingMounted,DrivingOrWalkSlowConfused,
-13.5149098569,-0.838341955621,-3.26624858876,
-4.14122376551,3.52499369832,-3.43249898656,
-0.719359858414,-0.712351785427,-4.46250109983,
-0.759201109643,-0.335895452723,-2.89185879296,
0.860274978857,-0.790189605656,0.0495793379769,-0.790189605656,1.2357033526,0.388193415832,0.0495793379769,0.388193415832,1.88370798309,
0.899501085672,0.155503762978,-0.219307976776,0.155503762978,0.584756641238,0.467936045379,-0.219307976776,0.467936045379,1.79635568325,
4.48403248146,2.69032158167,-0.408618373055,2.69032158167,5.45914000684,-0.993364599703,-0.408618373055,-0.993364599703,0.792375399937,
9.21904953162,9.48798848938,-3.11551941538,9.48798848938,12.2631175868,-3.8251607333,-3.11551941538,-3.8251607333,2.26930379289,
0.0517068545788,0.0509702508146,0.205833584778,0.314198932366,
-31.0431280179,2.08002671007,0.00178657697841,-0.0685135762762,0.012437906492,0.00162394136018,0.0379605469592,0.0174207959298,0.033888400409,0.00176877819752,0.00478582097421,0.00955734205271,-0.0488713584433,0.0320745878754,0.0172846038118,0.00929547724238,-0.00192285172097,0.0657986193785,-0.0837578486463,0.059378447934,0.0111141934233,-0.0363025904708,0.0984816453333,0.0144795899287,-0.148108978902,0.0417379909328,0.0871821365859,-0.0313748381849,-0.0570290443768,0.133798208261,15.2446544158,-0.452849888155,-0.0105816222486,-0.0645694493891,0.000997771532292,-0.0240929431864,0.0316313525479,0.00273963036772,0.0153434757193,-0.0232083757846,-0.0203307700611,-0.0160409417861,-0.0691799448618,0.0055923205952,-0.00560924725165,-0.0132378758928,-0.0125977553876,0.0232757414776,-0.158842507221,-0.0342492366568,0.0149751862457,-0.0113578321929,0.0172361840986,0.0146731567837,-0.113243599847,0.00940538129167,0.240967810696,-0.0301201186137,0.127918296568,0.0277881196722,-9.90494921231,0.864810772253,-0.0280688194173,-0.139499426689,-0.00960001450487,0.00146975066932,-0.00550953424399,-0.00101234493985,0.000291916751762,0.007518585174,0.00666076452519,0.00903795432554,0.0282139498832,-0.00965916608133,0.00166555628417,0.00901485305533,0.0277032686829,0.0338394814269,0.0398975276937,0.0657755019196,0.0449924096182,0.0621890309032,0.0954882146703,0.0325595923983,0.0988499405429,0.0310885139271,0.101835552295,0.0889518934897,0.322417294524,-0.399597782426,
